-0.042955 0.100374 0.147466 
-0.0826065 0.192285 0.282631 
-0.075997 0.175357 0.25803 
-0.0693847 0.158435 0.233429 
-0.062771 0.141511 0.208835 
-0.0561525 0.124584 0.184239 
-0.0495325 0.107657 0.159645 
-0.0429086 0.0907283 0.135048 
-0.0362916 0.0738088 0.110458 
-0.0296729 0.0568923 0.0858747 
-0.0230668 0.0399681 0.0612837 
-0.0164365 0.0230571 0.0366984 
-0.00983208 0.00615156 0.0121034 
-0.00319108 -0.0107567 -0.0124781 
0.00341 -0.027677 -0.0370621 
0.01007 -0.0445843 -0.0616362 
0.0166807 -0.0614983 -0.0862169 
0.0233099 -0.0784056 -0.110784 
0.0299219 -0.0953041 -0.135345 
0.0365381 -0.112202 -0.159907 
0.0431488 -0.129094 -0.184461 
0.0497635 -0.145983 -0.209028 
0.0563823 -0.162867 -0.233575 
0.0630015 -0.179763 -0.258142 
0.0696294 -0.196651 -0.282674 
0.35493 0.00832714 -0.141394 
0.609211 0.212221 0.0117973 
0.553771 0.193143 0.0109884 
0.49834 0.174062 0.0102008 
0.442901 0.154967 0.00939331 
0.387448 0.135873 0.00864105 
0.331984 0.116781 0.00786374 
0.276522 0.0976829 0.00708927 
0.221067 0.0785712 0.00630602 
0.165599 0.0594748 0.00551582 
0.110131 0.0403738 0.00471306 
0.0546788 0.0212713 0.00392158 
-0.000742998 0.00220559 0.00311966 
-0.0562177 -0.0168962 0.00236021 
-0.111664 -0.0359875 0.00155223 
-0.167118 -0.0550896 0.000850756 
-0.222579 -0.074189 -6.06024e-05 
-0.278065 -0.0932954 -0.000710857 
-0.333527 -0.112406 -0.00159792 
-0.389 -0.13152 -0.00236689 
-0.444455 -0.150616 -0.00317271 
-0.499926 -0.169716 -0.00395642 
-0.555371 -0.18881 -0.00474797 
-0.61082 -0.207905 -0.00552537 
-0.319268 -0.108722 -0.00295472 
