6.13804e-09 2.31203e-08 -1.03998e-07 
-0.0313904 0.0731649 0.107524 
-0.133822 0.311405 0.457738 
-0.31225 0.725004 1.06598 
-0.560062 1.29704 1.90766 
-0.870644 2.01058 2.95817 
-1.23738 2.84871 4.19291 
-1.65364 3.79449 5.58731 
-2.11282 4.83101 7.11675 
-2.60829 5.94133 8.75665 
-3.13343 7.10855 10.4824 
-3.68163 8.31574 12.2695 
-4.24628 9.54598 14.0932 
-4.82075 10.7824 15.9291 
-5.39842 12.008 17.7525 
-5.97267 13.206 19.5388 
-6.53686 14.3594 21.2635 
-7.08436 15.4512 22.902 
-7.60856 16.4647 24.4297 
-8.10283 17.3829 25.822 
-8.56057 18.1889 27.0544 
-8.97516 18.8657 28.1024 
-9.33998 19.3966 28.9414 
-9.64842 19.7647 29.5467 
-9.89386 19.9529 29.894 
-10 20 30 
-9.75896 20.0551 29.9676 
-8.98615 20.2668 29.9085 
-7.65956 20.6715 29.8604 
-5.83463 21.2503 29.8225 
-3.56681 21.9841 29.794 
-0.911537 22.8538 29.7741 
2.07572 23.8402 29.7621 
5.3395 24.9243 29.7572 
8.82434 26.087 29.7586 
12.4748 27.3092 29.7655 
16.2354 28.5717 29.7771 
20.0506 29.8555 29.7926 
23.8651 31.1415 29.8113 
27.6234 32.4107 29.8323 
31.2701 33.6438 29.8549 
34.7496 34.8218 29.8783 
38.0065 35.9257 29.9017 
40.9854 36.9362 29.9243 
43.6307 37.8344 29.9453 
45.887 38.601 29.964 
47.6989 39.217 29.9795 
49.0109 39.6634 29.9911 
49.7675 39.9208 29.9979 
50 40 30 
