-1.04697e-08 -1.46416e-08 7.88426e-08 
-0.0627807 0.14633 0.215049 
-0.142082 0.330151 0.485379 
-0.214773 0.497047 0.731109 
-0.280851 0.64702 0.952241 
-0.340313 0.780067 1.14878 
-0.393155 0.896188 1.32072 
-0.439376 0.995381 1.46807 
-0.478976 1.07765 1.59082 
-0.511958 1.143 1.68899 
-0.538328 1.19143 1.76256 
-0.55808 1.22294 1.81156 
-0.571214 1.23755 1.83596 
-0.577726 1.23524 1.83577 
-0.577616 1.21603 1.811 
-0.570876 1.1799 1.76165 
-0.557501 1.12686 1.68772 
-0.537505 1.0569 1.58922 
-0.51089 0.970049 1.46616 
-0.47766 0.866296 1.31853 
-0.437816 0.745648 1.14635 
-0.39136 0.608109 0.949602 
-0.338287 0.453684 0.7283 
-0.278595 0.282369 0.482442 
-0.21228 0.0941618 0.212034 
-8.47061e-09 2.75255e-08 -3.45484e-09 
0.482071 0.110274 -0.0647985 
1.06356 0.312956 -0.0534056 
1.58962 0.496559 -0.042811 
2.06024 0.661073 -0.033014 
2.47541 0.806493 -0.0239968 
2.83513 0.93282 -0.0157444 
3.13938 1.04005 -0.00826788 
3.38818 1.12818 -0.00157024 
3.58151 1.1972 0.00434069 
3.71937 1.24713 0.00945513 
3.80178 1.27795 0.0137725 
3.82875 1.28969 0.0172931 
3.80027 1.28234 0.020033 
3.71633 1.2559 0.0219892 
3.57694 1.21036 0.0231907 
3.38209 1.14572 0.0235858 
3.13176 1.06198 0.0232001 
2.82597 0.95913 0.0220457 
2.46471 0.837167 0.0200633 
2.04798 0.6961 0.0172935 
1.57579 0.535934 0.0137289 
1.04814 0.356671 0.00937672 
0.465044 0.158314 0.00424005 
7.74164e-10 5.16415e-09 1.01979e-09 
